0 0.136264 0.819277 0.043956 0.048193
0 0.967033 0.872289 0.048352 0.053012
0 0.547253 0.424096 0.048352 0.053012
0 0.120879 0.426506 0.052747 0.057831
0 0.437363 0.959036 0.052747 0.057831
0 0.246154 0.168675 0.052747 0.057831
0 0.160440 0.031325 0.052747 0.057831
0 0.969231 0.325301 0.052747 0.057831
0 0.964835 0.559036 0.052747 0.057831
0 0.793407 0.496386 0.052747 0.057831
0 0.048352 0.677108 0.052747 0.057831
0 0.597802 0.568675 0.052747 0.057831
0 0.967033 0.243373 0.052747 0.057831
0 0.087912 0.966265 0.052747 0.057831
0 0.920879 0.460241 0.057143 0.062651
0 0.674725 0.966265 0.057143 0.062651
0 0.204396 0.614458 0.057143 0.062651
0 0.503297 0.120482 0.057143 0.062651
0 0.676923 0.134940 0.057143 0.062651
0 0.309890 0.033735 0.057143 0.062651
0 0.439560 0.681928 0.057143 0.062651
0 0.964835 0.149398 0.057143 0.062651
0 0.048352 0.961446 0.061538 0.067470
0 0.030769 0.036145 0.061538 0.067470
0 0.043956 0.872289 0.065934 0.072289
0 0.639560 0.944578 0.065934 0.072289
0 0.694505 0.701205 0.065934 0.072289
0 0.345055 0.949398 0.065934 0.072289
0 0.386813 0.874699 0.065934 0.072289
0 0.081319 0.197590 0.070330 0.077108
0 0.958242 0.098795 0.070330 0.077108
0 0.213187 0.667470 0.070330 0.077108
0 0.956044 0.706024 0.070330 0.077108
0 0.942857 0.961446 0.070330 0.077108
0 0.054945 0.571084 0.070330 0.077108
0 0.958242 0.484337 0.070330 0.077108
0 0.894505 0.045783 0.070330 0.077108
0 0.285714 0.961446 0.070330 0.077108
0 0.041758 0.363855 0.074725 0.081928
0 0.650549 0.669880 0.074725 0.081928
0 0.200000 0.956627 0.074725 0.081928
0 0.296703 0.380723 0.074725 0.081928
0 0.958242 0.804819 0.074725 0.081928
0 0.037363 0.168675 0.074725 0.081928
0 0.470330 0.048193 0.074725 0.081928
0 0.046154 0.460241 0.074725 0.081928
0 0.960440 0.628916 0.074725 0.081928
0 0.384615 0.334940 0.079121 0.086747
0 0.424176 0.050602 0.083516 0.091566
0 0.586813 0.060241 0.083516 0.091566
0 0.852747 0.946988 0.083516 0.091566
0 0.041758 0.720482 0.083516 0.091566
0 0.841758 0.715663 0.087912 0.096386
0 0.520879 0.050602 0.087912 0.096386
0 0.492308 0.946988 0.087912 0.096386
0 0.885714 0.701205 0.087912 0.096386
0 0.468132 0.219277 0.087912 0.096386
0 0.228571 0.421687 0.087912 0.096386
0 0.876923 0.754217 0.087912 0.096386
0 0.378022 0.065060 0.087912 0.096386
0 0.887912 0.436145 0.087912 0.096386
0 0.261538 0.732530 0.087912 0.096386
0 0.701099 0.053012 0.087912 0.096386
0 0.452747 0.469880 0.087912 0.096386
0 0.929670 0.378313 0.087912 0.096386
0 0.547253 0.255422 0.092308 0.101205
0 0.252747 0.597590 0.092308 0.101205
0 0.059341 0.409639 0.092308 0.101205
0 0.600000 0.465060 0.092308 0.101205
0 0.081319 0.855422 0.092308 0.101205
0 0.059341 0.125301 0.092308 0.101205
0 0.718681 0.460241 0.092308 0.101205
0 0.914286 0.146988 0.096703 0.106024
0 0.116484 0.645783 0.096703 0.106024
0 0.767033 0.532530 0.096703 0.106024
0 0.942857 0.055422 0.096703 0.106024
0 0.125275 0.069880 0.096703 0.106024
0 0.929670 0.262651 0.096703 0.106024
0 0.945055 0.197590 0.096703 0.106024
0 0.239560 0.937349 0.096703 0.106024
0 0.523077 0.590361 0.105495 0.115663
0 0.723077 0.942169 0.105495 0.115663
0 0.756044 0.342169 0.105495 0.115663
0 0.800000 0.930120 0.105495 0.115663
0 0.437363 0.869880 0.109890 0.120482
0 0.298901 0.913253 0.109890 0.120482
0 0.083516 0.920482 0.109890 0.120482
0 0.160440 0.248193 0.109890 0.120482
0 0.589011 0.927711 0.109890 0.120482
0 0.771429 0.062651 0.114286 0.125301
0 0.167033 0.744578 0.114286 0.125301
0 0.876923 0.226506 0.114286 0.125301
0 0.628571 0.243373 0.123077 0.134940
0 0.641758 0.069880 0.127473 0.139759
0 0.428571 0.797590 0.127473 0.139759
0 0.430769 0.554217 0.131868 0.144578
0 0.643956 0.845783 0.131868 0.144578
0 0.731868 0.638554 0.131868 0.144578
0 0.839560 0.122892 0.131868 0.144578
0 0.806593 0.395181 0.131868 0.144578
0 0.353846 0.667470 0.149451 0.163855
0 0.202198 0.339759 0.149451 0.163855
0 0.520879 0.833735 0.158242 0.173494
0 0.892308 0.889157 0.158242 0.173494
0 0.287912 0.089157 0.158242 0.173494
0 0.417582 0.409639 0.158242 0.173494
0 0.496703 0.703614 0.167033 0.183133
0 0.123077 0.342169 0.167033 0.183133
0 0.608791 0.761446 0.175824 0.192771
0 0.261538 0.501205 0.175824 0.192771
0 0.305495 0.293976 0.175824 0.192771
0 0.265934 0.836145 0.180220 0.197590
0 0.905495 0.559036 0.180220 0.197590
0 0.116484 0.508434 0.180220 0.197590
0 0.360440 0.139759 0.184615 0.202410
0 0.767033 0.742169 0.193407 0.212048
0 0.661538 0.371084 0.241758 0.265060
0 0.747253 0.212048 0.320879 0.351807
